1844810929854199
1844810929860373
1844810929861332
1844810930051892
1844810930052568
1844810930931623
1844810930932250
1844810930932862
1844810930933392
1844810930934003
1844810930934518
1844810930962494
1844810931389914
1844810931509567
1844810933049860
1844810933051257
1844810933053145
1844810933053939
1844810934345662
1844810934346291
1844810934346878
1844810934777947
1844810934857811
1844810934858847
1844810934859525
1844810934860429
1844810934860979
1844810935363955
1844810935467899
1844810935468433
1844810935469102
1844810935469810
1844810935470460
1844810935471230
1844810939101824
1844810939102625
1844810939103247
1844810939103822
1844810939104315
1844810939104785
1844810940742984
1844810940783425
1844810942794812
1844810943613921
1844810943614727
1844810944242116
1844810944242901
1844810948034918
1844810951082913
1844810951083610
1844810951084113
1844810951084763
1844810956065342
1844901526473327
1844901526764817
1844901526765652
1844901526766194
1844901526766716
1844901526767954
1844901526768605
1844901526769188
1844901526769771
1844901526770481
1844901527286161
1844901528097408
1844901528098285
1844901528098974
1844901528099670
1844901528100387
1844901528101038
1844901528101629
1844901528102204
1844901528125811
1844901528194757
1844901528195483
1844901528196061
1844901528196640
1844901528287248
1844901528963034
1844901529051109
1844901529051859
1844901529052410
1844901529052929
1844901529053487
1844901529054135
1844901529054687
1844901529391508
1844901530039227
1844901530089472
1844901530090326
1844901530091115
1844901530094888
1844901530095661
1844901530096419
1844901530132010
1844901530132844
1844901530133452
1844901530133969
1844901530134701
1844901530586982
1844901530588349
1844901530589142
1844901530651753
1844901530975069
1844901531500620
1844901531501429
1844901532706599
1844901533005426
1844901533261117
1844901533261784
1844901533587351
1844901533588047
1844901534665359
1844901535335023
1844901535335992
1844901535336895
1844901536809064
1844901537092030
1844901537092784
1844901537093320
1844901538045615
1844901538046364
1844901538047065
1844901551060489
1844901551834642
1844901551835456
1844901551836052
1844901551836751
1844901551837350
1844901551837973
1844901552201298
1844901552202179
1844901552203106
1844901552203957
1844901552621859
1844901552622743
1844901553727040
1844901554035780
1844992123171512
1844992123178011
1844992123178748
1844992124034113
1844992124201913
1844992124202762
1844992124520304
1844992124521060
1844992124894005
1844992124894937
1844992124895763
1844992125867656
1844992127203558
1844992127403351
1844992127404002
1844992127404707
1844992127463052
1844992127463871
1844992127464545
1844992127465168
1844992127465923
1844992127466703
1844992127467441
1844992127468126
1844992127468820
1844992127469547
1844992127470328
1844992127470945
1844992127471581
1844992127472276
1844992127473039
1844992127473686
1844992127536256
1844992127536873
1844992127537605
1844992127538338
1844992127539173
1844992127539691
1844992127540301
1844992127540992
1844992127541570
1844992127542211
1844992127542975
1844992127543652
1844992127544196
1844992127544836
1844992127545468
1844992127546297
1844992127546869
1844992127547295
1844992127547875
1844992127548515
1844992127549284
1844992127550099
1844992127550817
1844992127551533
1844992127734112
1844992127734878
1844992127735614
1844992127858688
1844992127963997
1844992127964679
1844992127965425
1844992127966077
1844992127966749
1844992127967436
1844992127968156
1844992127968829
1844992127969474
1844992127970151
1844992128085513
1844992128179300
1844992128180012
1844992128180640
1844992128181217
1844992128181780
1844992128182345
1844992128182932
1844992128183540
1844992128184203
1844992128184841
1844992128457282
1844992128457980
1844992128936436
1844992130199820
1844992130200562
1844992130201152
1844992130201688
1844992130202343
1844992130202901
1844992130203487
1844992130204084
1844992130204660
1844992130205289
1844992130205969
1844992130206536
1844992130207142
1844992130207744
1844992130208284
1844992130208990
1844992130209573
1844992130210208
1844992130210817
1844992130211428
1844992130773825
1844992132180185
1844992132180834
1844992132572106
1844992132954048
1844992132954926
1844992133514431
1844992133515274
1844992134240689
1844992134241367
1844992134241904
1844992135399402
1844992135772266
1844992137678665
1844992137679433
1844992137859683
1844992137860344
1844992137860910
1844992137861407
1844992137861958
1844992137862521
1844992141065637
1844992141066370
1844992141067050
1844992141067728
1844992141068346
1844992143853805
1844992146096133
1844992146097033
1845263915123180
1845263915352949
1845263915375414
1845263915542504
1845263915543066
1845263915577958
1845263915578424
1845263915579077
1845263915579702
1845263915580425
1845263915580935
1845263915581410
1845263915581892
1845263915582438
1845263915582930
1845263915583436
1845263915584060
1845263915584636
1845263915585223
1845263915587538
1845263915588195
1845263915588901
1845263915589540
1845263915590018
1845263915590612
1845263915591161
1845263915591789
1845263915592517
1845263916034982
1845263916035568
1845263916036146
1845263916036714
1845263916881785
1845263916977107
1845263916978001
1845263917027226
1845263917593124
1845263918846227
1845263918846872
1845263918847441
1845263918848213
1845263918848737
1845263918849261
1845263918849987
1845263918931243
1845263918931836
1845263919089932
1845263919230150
1845263920176737
1845263920177487
1845263920177991
1845263920749495
1845263920750213
1845263920945272
1845263923390955
1845263925050960
1845263925051916
1845263929688598
1845263929689270
1845263929689965
1845263929690581
1845263943455077
1845263943455860
1845263943456422
1845263944153959
1845263944154759
1845263945102240
1845263945251652
1845263947687070
1845263947807856
1845263947808653
1845354510987256
1845354511100214
1845354511101054
1845354511101755
1845354511102369
1845354511102991
1845354511103575
1845354511104136
1845354511104788
1845354511105374
1845354511127900
1845354511351776
1845354511955215
1845354511956037
1845354512182179
1845354512182945
1845354512183598
1845354512748363
1845354512749003
1845354512749685
1845354512750260
1845354512750850
1845354513173364
1845354513174115
1845354513174836
1845354513330416
1845354513874590
1845354513875274
1845354515108505
1845354515123722
1845354515124357
1845354515124859
1845354515125484
1845354515126036
1845354515126500
1845354515415973
1845354515988276
1845354517041922
1845354517105624
1845354517106218
1845354517106702
1845354517107265
1845354517128609
1845354519995182
1845354519995821
1845354523011388
1845354528163534
1845354530478590
1845354530479213
1845354530479885
1845354530480550
1845354530481142
1845354530481798
1845354530482460
1845354530483141
1845354530483807
1845354530484495
1845354530485110
1845354530485659
1845354530486243
1845354530486923
1845354530487581
1845354530488251
1845354530488887
1845354530489522
1845354530490211
1845354530490881
1845354530491553
1845354530492212
1845354530492882
1845354530493562
1845354530494220
1845354530495148
1845354530495764
1845354530497147
1845354530497785
1845354530498463
1845354530499123
1845354530499858
1845354530500480
1845354530501146
1845354530501809
1845354530659606
1845354530660379
1845354530661122
1845354533123839
1845354533124836
1845354533125532
1845354533126238
1845354534640741
1845354534653113
1845354534653690
1845354534654237
1845354534654786
1845354534655358
1845354534656025
1845354534656571
1845354534657164
1845354534734427
1845354534746420
1845354534747138
1845354534747763
1845354534748511
1845445108184509
1845445108188087
1845445108188609
1845445108189138
1845445108331844
1845445109418811
1845445109914820
1845445109915460
1845445109916079
1845445109916628
1845445109973157
1845445111647737
1845445111648517
1845445111649093
1845445111649648
1845445111879452
1845445111880112
1845445111880642
1845445111881107
1845445112567410
1845445112655871
1845445113131424
1845445113132154
1845445113241110
1845445113241887
1845445113591293
1845445113591762
1845445113592310
1845445113592810
1845445114266269
1845445114326670
1845445116166933
1845445116168959
1845445116169901
1845445116170536
1845445116648875
1845445116649729
1845445116650263
1845445116650886
1845445116651520
1845445116652118
1845445116652697
1845445116653303
1845445116653765
1845445116654133
1845445116655162
1845445116655696
1845445116656304
1845445116656839
1845445116657459
1845445116658092
1845445116658726
1845445116659170
1845445116659701
1845445116660210
1845445116660782
1845445116661436
1845445116661871
1845445116662345
1845445116662773
1845445116663281
1845445116663937
1845445116664492
1845445116665138
1845445116665780
1845445116666331
1845445116666794
1845445116667299
1845445116668554
1845445116669208
1845445116669781
1845445116670438
1845445116670933
1845445116671570
1845445116672002
1845445116672546
1845445116673015
1845445116673506
1845445116674173
1845445116674707
1845445116675172
1845445116675686
1845445116676239
1845445116676918
1845445116677669
1845445116678245
1845445116678825
1845445116679349
1845445116679839
1845445116680320
1845445116680883
1845445116681311
1845445116681765
1845445116682186
1845445116682691
1845445116683239
1845445116683812
1845445116684327
1845445116684906
1845445116685539
1845445116685963
1845445119971802
1845445122121086
1845445122349747
1845445124500140
1845445124500818
1845445125179677
1845445125180302
1845445125180886
1845445125181482
1845445125182048
1845445125182599
1845445125183273
1845445125183858
1845445125184556
1845445125185206
1845445126804416
1845445126805152
1845445127174219
1845445127174823
1845445127515559
1845445127516040
1845445127516453
1845445127516860
1845445127517280
1845445127517793
1845445127518256
1845445127518684
1845445127519454
1845445127520123
1845445127520635
1845445127521116
1845445127521592
1845445127522138
1845445127522649
1845445127523190
1845445127523656
1845445127524118
1845445127524599
1845445128979365
1845445129192010
1845445129866402
1845445132024636
1845445133527318
1845445133528099
1845535705620237
1845535705623624
1845535705624190
1845535705804097
1845535705804964
1845535705805687
1845535705806405
1845535706330623
1845535706331395
1845535706332093
1845535706332719
1845535706333376
1845535706334116
1845535706334758
1845535706357821
1845535706474640
1845535706824292
1845535706825120
1845535706825988
1845535706826775
1845535706827587
1845535706828264
1845535706875066
1845535706875986
1845535706876864
1845535706877729
1845535706878532
1845535706879348
1845535706880185
1845535706881030
1845535706881896
1845535706882744
1845535706883629
1845535706884417
1845535706885245
1845535706886096
1845535706886893
1845535706887646
1845535706888414
1845535706889244
1845535706890008
1845535706890811
1845535706891607
1845535706892310
1845535706892976
1845535706985780
1845535706986524
1845535706987215
1845535706987927
1845535707447833
1845535707448510
1845535707449085
1845535707449674
1845535708666597
1845535708667427
1845535708668032
1845535708668611
1845535708669163
1845535708669765
1845535708670421
1845535708671033
1845535708671709
1845535708672339
1845535708695174
1845535709408718
1845535709409407
1845535709409971
1845535709411239
1845535709411797
1845535709412362
1845535709412990
1845535709413673
1845535709663883
1845535710008173
1845535710009320
1845535710010137
1845535710010898
1845535710011752
1845535710155098
1845535710608615
1845535710925767
1845535710926524
1845535710927246
1845535710927912
1845535710928592
1845535710929253
1845535711360122
1845535711849234
1845535712856769
1845535712857709
1845535712896470
1845535713217121
1845535713217801
1845535713218529
1845535713219317
1845535721743545
1845535722236380
1845535722237123
1845535722237918
1845535722238559
1845535722239559
1845535722240169
1845535722240820
1845535722241492
1845535722242203
1845535722242893
1845535722243718
1845535722244484
1845535722245091
1845535722245683
1845535722246480
1845535722247157
1845535722247795
1845535722248579
1845535722249192
1845535722249868
1845535722250898
1845535722251474
1845535722252208
1845535722253066
1845535722253658
1845535722254341
1845535722254943
1845535722255691
1845535722256323
1845535722257047
1845535722257808
1845535722258616
1845535722259180
1845535723165868
1845535727344812
1845535730775189
1845535731661338
1845535732036747
1845535733826383
1845535733827206
1845535733828037
1845535733828902
1845535733829687
1845535733830392
1845535733831100
1845535733831926
1845535733886373
1845535733887334
1845535733888249
1845626303000823
1845626303004405
1845626303004967
1845626303005548
1845626303254938
1845626303255724
1845626303292695
1845626303293478
1845626303353531
1845626303354034
1845626303354414
1845626303354923
1845626303355675
1845626303356310
1845626303356990
1845626303357802
1845626303358417
1845626303359130
1845626303359698
1845626303360830
1845626303361317
1845626303361857
1845626303362423
1845626303363025
1845626303363493
1845626303364010
1845626303364550
1845626303364991
1845626303365591
1845626303366060
1845626303366744
1845626303367422
1845626303368039
1845626303368659
1845626303369183
1845626303369820
1845626303370469
1845626303371014
1845626303674257
1845626303674950
1845626303675597
1845626303676257
1845626303676995
1845626303677697
1845626303678351
1845626303678984
1845626303679612
1845626303680215
1845626303680894
1845626303681464
1845626303682056
1845626303682605
1845626303683228
1845626303683855
1845626303684599
1845626303685088
1845626303685656
1845626303686258
1845626303686908
1845626303687538
1845626303688203
1845626303688853
1845626303689427
1845626303689950
1845626303690442
1845626303690954
1845626303798898
1845626303824661
1845626303825513
1845626303826166
1845626303826613
1845626304142752
1845626304143595
1845626304298136
1845626304785580
1845626304786334
1845626304786847
1845626304837560
1845626305507348
1845626305508200
1845626305508866
1845626305509524
1845626305510127
1845626305585048
1845626306148333
1845626306891399
1845626307197974
1845626307486323
1845626307487000
1845626307487600
1845626307690116
1845626307691006
1845626307691656
1845626307883249
1845626307883851
1845626307884434
1845626307885005
1845626307885631
1845626307915645
1845626307916280
1845626307916868
1845626307917499
1845626308884774
1845626309186422
1845626309187231
1845626309188077
1845626309235434
1845626310714139
1845626317197315
1845626328774753
1845626328896676
1845626328897343
1845626328897866
1845626328898466
1845626328899234
1845626328899854
1845626328900435
1845626328900998
1845626328901596
1845626328902257
1845626328902836
1845626328903444
1845626328904038
1845626328904637
1845626328905099
1845626328905692
1845626328906297
1845626328906969
1845626328907680
1845626328908329
1845626328909040
1845626328909643
1845626328910481
1845626328911203
1845626328911896
1845626328912633
1845626328913192
1845626328913860
1845626328914526
1845626328915229
1845626328917284
1845626328917961
1845626328918676
1845626328919419
1845626328920043
1845626328920682
1845626328921347
1845626328921909
1845626328922590
1845626328923209
1845626328923685
1845626328924259
1845626328924854
1845626328925439
1845626328926055
1845626328926507
1845626328927039
1845626328927591
1845626328928160
1845626328928856
1845626328929472
1845626328930046
1845626328930790
1845626328931448
1845626328932176
1845626328932754
1845626328933387
1845626328934018
1845626328934584
1845626328935181
1845626328935687
1845626328936197
1845626328936810
1845626328937401
1845626328937930
1845626328938508
1845626328939107
1845626328939644
1845626328940107
1845626328940668
1845626328941278
1845626328954458
1845626328967874
1845626328968478
1845898093823991
1845898093827115
1845898093827716
1845898093828177
1845898093906148
1845898093906741
1845898093972358
1845898094907389
1845898095268154
1845898095377298
1845898095378114
1845898095501159
1845898095501959
1845898095760346
1845898095881624
1845898096896862
1845898096897618
1845898096898191
1845898096898933
1845898096998689
1845898096999465
1845898097000326
1845898097000977
1845898097001723
1845898097002377
1845898097003024
1845898097003567
1845898097004370
1845898097005135
1845898097465872
1845898097683248
1845898097799022
1845898097799698
1845898097907784
1845898097908529
1845898097909196
1845898098343830
1845898098344708
1845898098345607
1845898098346487
1845898098347230
1845898098347779
1845898098937354
1845898098938148
1845898098938791
1845898098939581
1845898099591490
1845898099592216
1845898099592897
1845898099849417
1845898099850128
1845898099850767
1845898099982542
1845898099983417
1845898099984252
1845898102994110
1845898104312287
1845898104313076
1845898104313769
1845898104314312
1845898104314805
1845898104315301
1845898104315843
1845898104316448
1845898106124144
1845898112639649
1845898115369142
1845898115369850
1845898115370606
1845898115371287
1845898115371959
1845898116123236
1845898116123992
1845898118491120
1845898118491800
1845898118492228
1845898119009613
1845898119010456
1845898119126524
1845898119127252
1845988690515674
1845988690519125
1845988690660610
1845988690661222
1845988691788323
1845988691788992
1845988691789627
1845988691790182
1845988692080624
1845988692081471
1845988692558436
1845988692559165
1845988692559756
1845988692560318
1845988692918511
1845988692919285
1845988693929884
1845988694444310
1845988694445254
1845988694445850
1845988694446403
1845988694447117
1845988694487189
1845988694487973
1845988694842391
1845988695221607
1845988695222266
1845988695644481
1845988695645246
1845988695750900
1845988695751804
1845988695813042
1845988695813873
1845988696266715
1845988696267501
1845988696268209
1845988696466899
1845988696467879
1845988696468570
1845988696753941
1845988696835988
1845988696836799
1845988696837392
1845988696838047
1845988696912658
1845988697960336
1845988697961022
1845988698009083
1845988700697234
1845988700697963
1845988700698556
1845988700699358
1845988700700037
1845988700700753
1845988700701344
1845988700702028
1845988700702696
1845988700703382
1845988700704069
1845988700704792
1845988700705307
1845988700705953
1845988700706605
1845988702578809
1845988702579720
1845988702695404
1845988702696433
1845988702697595
1845988706267570
1845988706268405
1845988706458699
1845988711088002
1845988711864967
1845988711865615
1845988711907041
1845988711907811
1845988711908399
1845988711908984
1845988711909600
1845988711910019
1845988711910550
1845988711911120
1845988711911613
1845988711912125
1845988711912710
1845988711913231
1845988711913790
1845988711914400
1845988711915039
1845988711915758
1845988711916442
1845988711917240
1845988711918019
1845988711918792
1845988711919388
1845988711920175
1845988711920945
1845988711921605
1845988711922316
1845988711922978
1845988711923667
1845988711924288
1845988711924779
1845988711925606
1845988711926301
1845988711927081
1845988711927670
1845988711928251
1845988711928747
1845988711929327
1845988711929947
1845988711930527
1845988711931139
1845988711931758
1845988711932366
1845988711932977
1845988711933687
1845988711934220
1845988711934903
1845988711935568
1845988711936198
1845988711936757
1845988711937402
1845988711938034
1845988711938634
1845988711939170
1845988711939785
1845988711940316
1845988711989637
1845988711990270
1845988711990952
1845988711991527
1845988711992097
1845988711992524
1845988711993376
1845988711993992
1845988711994784
1845988711995571
1845988711996263
1845988711996750
1845988711997313
1845988711998109
1845988711998764
1845988711999370
1845988711999963
1845988712000576
1845988712001185
1845988712001802
1845988712002522
1845988712003150
1845988712003657
1845988712004301
1845988712004864
1845988712005473
1845988712006179
1845988712006832
1845988712007493
1845988712008202
1845988712008861
1845988712009608
1845988712010225
1845988714671823
1845988714952451
1845988714953034
1845988714953583
1845988714954129
1845988714954707
1845988714955467
1845988716578956
1845988716579731
1845988716580433
1845988716770448
1846079286730262
1846079286733845
1846079287148836
1846079287796616
1846079288199998
1846079288200613
1846079288235563
1846079288487252
1846079288487864
1846079288660657
1846079289244953
1846079289574706
1846079289691603
1846079289750700
1846079289947307
1846079290399800
1846079290628959
1846079290629583
1846079291045233
1846079291601827
1846079291680166
1846079291680983
1846079292555683
1846079292556521
1846079292557275
1846079292557889
1846079292558410
1846079292559045
1846079292559659
1846079292560340
1846079292560911
1846079292561545
1846079292562218
1846079292562815
1846079292563432
1846079292564051
1846079292564604
1846079292565493
1846079292566170
1846079292566948
1846079292567675
1846079292568469
1846079292569122
1846079292569717
1846079292570471
1846079292571076
1846079292571679
1846079292572407
1846079292573163
1846079292573788
1846079292574407
1846079292575066
1846079292575695
1846079292576317
1846079292576976
1846079292577770
1846079292578418
1846079292578998
1846079292579520
1846079292580195
1846079292580789
1846079292581488
1846079292582123
1846079292582764
1846079292583482
1846079292584243
1846079292584882
1846079292585625
1846079292586380
1846079292587008
1846079292587832
1846079292588589
1846079292589303
1846079292590007
1846079292590667
1846079292591352
1846079292592050
1846079292592917
1846079292593564
1846079292594232
1846079292594893
1846079292595638
1846079292596181
1846079292596699
1846079292597293
1846079292597906
1846079292598391
1846079292682665
1846079292683527
1846079292684143
1846079293095385
1846079293096125
1846079294057184
1846079296761098
1846079297612217
1846079297613234
1846079297614006
1846079297614718
1846079297615492
1846079297616200
1846079297617063
1846079297617874
1846079297618560
1846079298075635
1846079299243825
1846079299244494
1846079302404218
1846079305217774
1846079305218436
1846079305219041
1846079305219553
1846079305220079
1846079305220590
1846079305221171
1846079305221628
1846079305222082
1846079305222556
1846079305223037
1846079305223592
1846079305224115
1846079305224633
1846079305225236
1846079305225781
1846079305226294
1846079305226858
1846079305227442
1846079305227976
1846079305228834
1846079305229541
1846079307525333
1846079307526022
1846079307526651
1846079307527288
1846079307550433
1846079307640843
1846079307641667
1846079307642439
1846079307643263
1846079307644231
1846079307645189
1846079308452852
1846079308453619
1846079308454561
1846079308455867
1846079309820616
1846079310321554
1846079310322429
1846079310323223
1846079310323888
1846079310669506
1846079311331696
1846079311332389
1846079311929496
1846079311930081
1846079311930633
1846079312748140
1846079312748862
1846079312749523
1846079312750270
1846079312750872
1846079312751546
1846079312752253
1846079312753041
1846079312753580
1846079312803099
1846079312803881
1846079312804628
1846079312805335
1846079312805985
1846079312806702
1846079312819028
1846169883722894
1846169883726615
1846169883727312
1846169883727961
1846169884014595
1846169884015307
1846169884122923
1846169884146573
1846169884147237
1846169884404496
1846169884406488
1846169884407290
1846169884408148
1846169884408874
1846169884570348
1846169884617109
1846169884690436
1846169884770040
1846169884770804
1846169885057147
1846169885057776
1846169885058411
1846169885058958
1846169886201076
1846169886201606
1846169886202196
1846169886202797
1846169886203290
1846169886203833
1846169886204371
1846169886204881
1846169886205400
1846169886205855
1846169886206375
1846169887330656
1846169887331546
1846169887332290
1846169887332926
1846169887333434
1846169887334030
1846169887334633
1846169887647947
1846169887648603
1846169887737282
1846169888194831
1846169888475630
1846169888476402
1846169888583625
1846169888833896
1846169888835241
1846169889022735
1846169889186133
1846169889188771
1846169889434193
1846169889436140
1846169889436744
1846169889522971
1846169889601567
1846169889605448
1846169889794307
1846169889857912
1846169890570273
1846169890570867
1846169890932744
1846169890987878
1846169890988615
1846169891147026
1846169891988110
1846169891988885
1846169892095776
1846169892096491
1846169892158301
1846169892845287
1846169892846148
1846169892846632
1846169892847223
1846169892848025
1846169892848584
1846169892849311
1846169892849862
1846169892850504
1846169892851058
1846169892851470
1846169892851895
1846169892852460
1846169892853057
1846169892853552
1846169894054140
1846169894263523
1846169894264211
1846169894264748
1846169894265229
1846169895667284
1846169895668048
1846169895668579
1846169895843373
1846169895844027
1846169895844640
1846169895845161
1846169895845663
1846169895846075
1846169895846680
1846169895847239
1846169895847613
1846169895893977
1846169895894585
1846169897092956
1846169897093494
1846169897094064
1846169897094569
1846169897095069
1846169897095601
1846169897612617
1846169897613358
1846169897614019
1846169898807631
1846169898808154
1846169899508566
1846169904345641
1846169904346252
1846169904346819
1846169904451612
1846169908601520
1846169911412779
1846169911825497
1846169911826328
1846169912511461
1846169913781218
1846169913782043
1846169913782889
1846169913783591
1846169913784270
1846169913784912
1846169913786007
1846169913786654
1846169913787405
1846169913788164
1846169913789013
1846169913789768
1846169913997747
1846169914144943
1846169914145608
1846169914146166
1846169914146824
1846169914147468
1846169914148086
1846169914148772
1846169914149373
1846169914149988
1846169914150569
1846169914151120
1846169914151675
1846169914152253
1846169914152965
1846169914153578
1846169914154193
1846169914167083
1846169914167667
1846169914168208
1846169914194784
1846169914195633
1846260480662807
1846260480666185
1846260480666995
1846260480667624
1846260480668288
1846260480669180
1846260480669846
1846260480670662
1846260480794324
1846260480794938
1846260481025084
1846260481025833
1846260481026674
1846260481027327
1846260481027884
1846260481028443
1846260481141020
1846260481141790
1846260481142642
1846260481143453
1846260481144117
1846260481144784
1846260481145398
1846260481211436
1846260481591895
1846260481614043
1846260481614802
1846260481703068
1846260482036043
1846260482441618
1846260482442580
1846260482443326
1846260482443958
1846260482655182
1846260482655944
1846260482712773
1846260484689785
1846260484812671
1846260484813413
1846260485417884
1846260485418542
1846260485419210
1846260485887867
1846260485888712
1846260485889411
1846260485890137
1846260485890903
1846260485987362
1846260486112465
1846260486153823
1846260486154503
1846260486155191
1846260486325337
1846260486749607
1846260486891032
1846260486960318
1846260487304348
1846260487373836
1846260487374644
1846260487375229
1846260487375777
1846260487376225
1846260487376743
1846260487377314
1846260487377821
1846260487378504
1846260487379063
1846260487379642
1846260487380105
1846260487940542
1846260488103615
1846260488104308
1846260488786196
1846260489816334
1846260491254852
1846260491255534
1846260491256082
1846260491256526
1846260491812070
1846260494271222
1846260494272043
1846260494272801
1846260494273499
1846260494274149
1846260494274843
1846260494275478
1846260494276212
1846260494276911
1846260494277646
1846260494278349
1846260494279030
1846260494279662
1846260494280276
1846260494280913
1846260494281598
1846260494282482
1846260494283140
1846260499041933
1846260500366430
1846260500367077
1846260500367700
1846260500368293
1846260500368931
1846260500369576
1846260500370167
1846260500370730
1846260500371309
1846260500371913
1846260500372496
1846260502353672
1846260502354566
1846260502355200
1846260502355901
1846260504667430
1846260504668517
1846260507896368
1846260507897117
1846260507897724
1846260507898403
1846260507898917
1846260507899542
1846260507900223
1846260507900868
1846260507901535
1846260507902057
1846260507902599
1846260507903137
1846260507903681
1846260507904263
1846260507904845
1846260507905451
1846260507906065
1846260507906704
1846260507907253
1846260507907845
1846260507908445
1846260507909011
1846260507909525
1846260507910062
1846260507910659
1846260507911169
1846260507911679
1846260507912215
1846260507912744
1846260507913302
1846260507913868
1846260507914425
1846260507915101
1846260507915742
1846260507916286
1846260507916827
1846260507917339
1846260507917885
1846260507918455
1846260507918943
1846260507919494
1846260507920075
1846532272085257
1846532272394286
1846532272395021
1846532272395694
1846532272396342
1846532272396857
1846532272397584
1846532273169631
1846532273172101
1846532273311284
1846532273311858
1846532273445230
1846532273457482
1846532273458129
1846532273585248
1846532273696915
1846532273913428
1846532273914228
1846532273914823
1846532273915381
1846532273916027
1846532273916752
1846532275089868
1846532275090777
1846532276020477
1846532276041738
1846532276399901
1846532276524040
1846532276524767
1846532276525575
1846532276526192
1846532276526900
1846532276745196
1846532276745878
1846532277168131
1846532277168964
1846532277169870
1846532277170696
1846532277260568
1846532277261423
1846532277262249
1846532279285857
1846532279286834
1846532279287515
1846532279934724
1846532279935289
1846532279935706
1846532279936153
1846532279936580
1846532279937059
1846532279937561
1846532279938080
1846532279938622
1846532279939255
1846532279939679
1846532279953332
1846532279953951
1846532279954530
1846532279955033
1846532279955528
1846532279956226
1846532282062502
1846532282659744
1846532282769907
1846532284197217
1846532287545756
1846532287712018
1846532287712637
1846532287713277
1846532287713849
1846532287714503
1846532293393594
1846532293394252
1846532293394844
1846532293395457
1846532294555142
1846532294555945
1846532294556551
1846532294557080
1846532294557635
1846532294558133
1846532294558732
1846532294559310
1846532294559830
1846532294560422
1846532294560962
1846532294561476
1846532294562163
1846532294562752
1846532294563375
1846532294563946
1846532294564702
1846532294565489
1846532294566197
1846532294566810
1846532295356244
1846532295356986
1846532295357843
1846532295358564
1846532295359122
1846532295359839
1846532295360462
1846532295361142
1846532295361943
1846532295362675
1846532295363431
1846532295364199
1846532295364871
1846532295365595
1846532295366368
1846532295367093
1846532295367801
1846532295368573
1846532295369296
1846532295370046
1846532295370709
1846532295371471
1846532295372243
1846532295373160
1846532295373945
1846532295374679
1846532295375374
1846532295376265
1846532295376936
1846532295377701
1846532295378350
1846532295378999
1846532295379638
1846532295380426
1846532295381216
1846532295381862
1846532298089353
1846532299916327
1846532300015073
1846532300015908
1846532300016754
1846532300017538
1846532300117912
1846532300118650
1846532300119311
1846622869231571
1846622869235695
1846622869236446
1846622869237102
1846622869237774
1846622869238438
1846622869485176
1846622869602697
1846622869720222
1846622870245590
1846622870282929
1846622870283770
1846622870351643
1846622870513861
1846622870514867
1846622871155327
1846622871156168
1846622871156901
1846622871157719
1846622871158424
1846622871159139
1846622871201004
1846622871201966
1846622871264080
1846622871888022
1846622872130175
1846622872331670
1846622872332470
1846622872333112
1846622872333836
1846622872334568
1846622872335546
1846622872336088
1846622872336615
1846622872337175
1846622872337768
1846622872338494
1846622872339050
1846622872339650
1846622872340226
1846622872340939
1846622872341555
1846622872342266
1846622872342865
1846622872343430
1846622873022295
1846622873023063
1846622873023774
1846622873069976
1846622873070765
1846622873128626
1846622873152415
1846622873187171
1846622873187898
1846622873188523
1846622873380278
1846622873380988
1846622873381694
1846622873382424
1846622873383143
1846622873383879
1846622873384542
1846622873385149
1846622873385717
1846622873386695
1846622873387541
1846622873388186
1846622873390613
1846622873391389
1846622873392192
1846622873392907
1846622873393572
1846622873486615
1846622873487454
1846622873488277
1846622873488982
1846622873489817
1846622873490521
1846622873637880
1846622873638558
1846622873639238
1846622873884854
1846622873885627
1846622873886188
1846622873886834
1846622873887480
1846622873888026
1846622873888573
1846622873889131
1846622873889699
1846622874317883
1846622874318587
1846622874319333
1846622874320065
1846622874365488
1846622874366207
1846622874366909
1846622874367594
1846622874368278
1846622874424708
1846622874610176
1846622874611055
1846622874611790
1846622874612684
1846622874613348
1846622874614000
1846622874692145
1846622874801009
1846622874801888
1846622874802625
1846622874865597
1846622874866419
1846622874867083
1846622874867838
1846622875425174
1846622875425897
1846622875560544
1846622875632096
1846622875632693
1846622875633624
1846622877170336
1846622877452411
1846622877453269
1846622877454030
1846622877454715
1846622877455440
1846622877456141
1846622877456813
1846622877457475
1846622879135816
1846622879404939
1846622879405905
1846622879472015
1846622879702933
1846622879911550
1846622880809406
1846622880810257
1846622880811222
1846622880811956
1846622880812691
1846622880813364
1846622880814298
1846622880815072
1846622880918172
1846622880919040
1846622880919881
1846622881529761
1846622881530414
1846622881531103
1846622883018333
1846622884330083
1846622885526355
1846622885526948
1846622885527611
1846622886612909
1846622888201399
1846622888202125
1846622892969692
1846622894455846
1846622894456614
1846622895306213
1846622895306880
1846622895307493
1846622895308025
1846622895308623
1846622895309155
1846622895309741
1846622896083226
1846622896084047
1846622896084793
1846622896108654
1846622896121955
1846622896122830
1846622896123750
1846622896124493
1846622896125351
1846622896125946
1846622896126761
1846622896127609
1846622896128356
1846622896129214
1846622896130222
1846622896130937
1846622896131753
1846622896132644
1846622896133402
1846622896134224
1846622896134927
1846622896135606
1846622896136345
1846622896137157
1846622896137892
1846622896138618
1846622896139357
1846622896140100
1846622896140624
1846622896141235
1846622896141766
1846622896142544
1846622896143189
1846622896143828
1846622896144491
1846622896145140
1846622896145788
1846622896146405
1846622896147088
1846622896147785
1846622896148304
1846622896149016
1846622896149724
1846622896150429
1846622896151127
1846622896151914
1846622896152587
1846622896153216
1846622896153877
1846622896154484
1846622896155053
1846622896155655
1846622896156268
1846622896157171
1846622896157895
1846622896158672
1846622896159554
1846622896160309
1846622896161115
1846622896161910
1846622896162566
1846622896175024
1846622896175764
1846622896188191
1846622896188989
1846622896189668
1846713465916074
1846713466064909
1846713466065700
1846713466066318
1846713466067045
1846713466067754
1846713466068297
1846713466069068
1846713466069806
1846713466070546
1846713466071315
1846713466071880
1846713466072542
1846713466073207
1846713466073669
1846713466074285
1846713466074974
1846713466075608
1846713466076139
1846713466076811
1846713466077425
1846713466078058
1846713466078645
1846713466079300
1846713466079859
1846713466080411
1846713466080984
1846713466081498
1846713466082150
1846713466082726
1846713466083272
1846713466083993
1846713466084822
1846713466087262
1846713466087797
1846713466088670
1846713466089231
1846713466089802
1846713466090489
1846713466091288
1846713466091725
1846713466092331
1846713466092947
1846713466093551
1846713466094272
1846713466094818
1846713466095551
1846713466096382
1846713466097099
1846713466098236
1846713466098938
1846713466099858
1846713466100588
1846713466101418
1846713466102191
1846713466102889
1846713466103449
1846713466289073
1846713466289661
1846713466455477
1846713466953429
1846713466954023
1846713467030307
1846713467078744
1846713468151439
1846713468152294
1846713468152992
1846713468372222
1846713468752458
1846713469089699
1846713469090498
1846713469091248
1846713469091988
1846713470616362
1846713470765855
1846713470779533
1846713470780233
1846713471110091
1846713471110675
1846713471444294
1846713471445031
1846713471541081
1846713471541917
1846713471542664
1846713472610738
1846713472704457
1846713472705267
1846713472922202
1846713472922871
1846713473193377
1846713473194224
1846713473194914
1846713473195515
1846713473366274
1846713473367073
1846713473367757
1846713473368544
1846713473920451
1846713473921504
1846713473922262
1846713473923168
1846713474136792
1846713475588030
1846713475588990
1846713475589536
1846713476781596
1846713476941116
1846713477016497
1846713477018340
1846713477018963
1846713477019539
1846713477020111
1846713477020723
1846713477566041
1846713477829911
1846713478110896
1846713478111604
1846713478112214
1846713481128818
1846713481129586
1846713481130235
1846713481130834
1846713481131549
1846713481292162
1846713481292971
1846713481293714
1846713482596765
1846713482597427
1846713482597989
1846713482598528
1846713482599059
1846713482599607
1846713482600188
1846713482600773
1846713482601359
1846713482601896
1846713482602424
1846713482602993
1846713482603548
1846713482604099
1846713482604708
1846713482605270
1846713482605806
1846713482606317
1846713482606823
1846713482607323
1846713482607836
1846713484187200
1846713484187970
1846713484188534
1846713489324309
1846713489487430
1846713489488067
1846713489488744
1846713489490089
1846713489490864
1846713489491543
1846713489492215
1846713489493015
1846713489493765
1846713489494537
1846713491752746
1846713491753463
1846713491754173
1846804063146193
1846804063835869
1846804063836829
1846804064248964
1846804064249824
1846804064250470
1846804064251104
1846804064251629
1846804064252215
1846804064252880
1846804064253445
1846804064539000
1846804064582695
1846804064583459
1846804064584162
1846804064671781
1846804064672459
1846804065350409
1846804065449740
1846804065450445
1846804065451011
1846804065841849
1846804065842739
1846804066408337
1846804066408986
1846804066409561
1846804066410199
1846804066410874
1846804066411526
1846804066412101
1846804066412685
1846804066606632
1846804066607528
1846804067210919
1846804067238388
1846804067264380
1846804067811855
1846804067812738
1846804067813494
1846804068044935
1846804068045747
1846804068046608
1846804068072949
1846804068073632
1846804068074163
1846804068074789
1846804068075437
1846804068076056
1846804068076790
1846804068165588
1846804068166190
1846804068363703
1846804068364319
1846804068364798
1846804068365290
1846804068365862
1846804068366421
1846804068367010
1846804068367779
1846804068368324
1846804068368899
1846804068369552
1846804068370109
1846804068370655
1846804068371247
1846804069237709
1846804069238265
1846804069238997
1846804069241319
1846804069242036
1846804069242734
1846804069243241
1846804069243828
1846804069291516
1846804069292234
1846804069481997
1846804069482729
1846804070109981
1846804070110748
1846804070111393
1846804070240003
1846804070240747
1846804070241466
1846804070242095
1846804070242777
1846804070727386
1846804070728041
1846804070728794
1846804071162761
1846804071163522
1846804071164331
1846804071919440
1846804071920282
1846804071920997
1846804071921609
1846804071922156
1846804072692541
1846804072693326
1846804072825925
1846804072826617
1846804074290886
1846804074686426
1846804077769779
1846804077770568
1846804077845054
1846804077845980
1846804077846777
1846804078957375
1846804078958081
1846804079989239
1846804079989906
1846804079990501
1846804079991197
1846804082613577
1846804082614321
1846804082644772
1846804083400755
1846804085090909
1846804085091568
1846804085781482
1846804086158589
1846804090848027
1846804090886276
1846804090887062
1846804090887792
1846804090888517
1846804090889004
1846804090889566
1846804090890116
1846804090890752
1846804090891348
1846804090891857
1846804090892458
1846804090893099
1846804090893786
1846804090894334
1846804090894870
1846804090895444
1846804090895910
1846804090896437
1846804090896988
1846804090897557
1846804090898061
1846804090898783
1846804090899481
1846804090900176
1846804090900838
1846804090901380
1846804090901868
1846804090902450
1846804090903093
1846804090903595
1846804090904208
1846804090904722
1846804090905306
1846804090905855
1846804091306180
1846804091332330
1846804091346064
1846804091359643
1846804091360459
1846804091375772
1846804091376450
1846804091377193
1846804091377827
1846804091378412
1846804091378984
1846804091379661
1846804091410012
1846894659172677
1846894659466800
1846894659829487
1846894659854599
1846894659855612
1846894659856596
1846894659857525
1846894659858310
1846894659859057
1846894659859768
1846894659860627
1846894659861525
1846894659862327
1846894660569961
1846894660571036
1846894660572056
1846894660573059
1846894660574104
1846894660575154
1846894661528078
1846894661643119
1846894661643656
1846894661644199
1846894661644714
1846894661783294
1846894661783941
1846894663585000
1846894663585742
1846894663586383
1846894663587039
1846894663587761
1846894663588467
1846894663589234
1846894663590065
1846894663590995
1846894663591768
1846894663592423
1846894663593131
1846894663913626
1846894663914480
1846894664330610
1846894664534984
1846894664922262
1846894664923404
1846894664924246
1846894664925075
1846894664925868
1846894664926726
1846894664927512
1846894665223767
1846894665224905
1846894665225852
1846894665584836
1846894666025561
1846894666310870
1846894666391092
1846894666812852
1846894666813755
1846894667454619
1846894667641520
1846894668741186
1846894668741863
1846894670345079
1846894670917890
1846894670918748
1846894670919705
1846894670920771
1846894670921618
1846894670922490
1846894670923414
1846894671197927
1846894671453275
1846894671656985
1846894672537387
1846894675449610
1846894675450418
1846894681418427
1846894683616976
1846894684470896
1846894686141155
1846894686166723
1846894686167754
1846894686395422
1846894687195699
1846894687196820
1846894687197839
1847166450767722
1847166450771591
1847166451334868
1847166451335676
1847166451336614
1847166451337346
1847166451338166
1847166451338915
1847166451339514
1847166451340146
1847166451340783
1847166451341285
1847166451343483
1847166451344157
1847166451344953
1847166451345736
1847166451346319
1847166451347033
1847166451347747
1847166451348487
1847166451349136
1847166451619854
1847166451620536
1847166452462257
1847166452463014
1847166452550137
1847166453277755
1847166453278550
1847166453279326
1847166453292841
1847166453477167
1847166454085419
1847166454487093
1847166454487760
1847166454488247
1847166455378504
1847166455379307
1847166455844080
1847166455844906
1847166455899064
1847166455899751
1847166455900441
1847166455901187
1847166456008308
1847166456009087
1847166456009592
1847166456010208
1847166456010891
1847166456011364
1847166456011959
1847166456555295
1847166456593679
1847166456892991
1847166456893630
1847166458669022
1847166458731101
1847166458731919
1847166459558051
1847166461337610
1847166461338190
1847166461843392
1847166465026355
1847166470300454
1847166470301398
1847166470302204
1847166470302974
1847166470303795
1847166470304648
1847166470305439
1847166470306268
1847166470306981
1847166471928168
1847166472797773
1847166473331620
1847166473332341
1847166473332997
1847166475839694
1847166475840646
1847166475841381
1847166475842038
1847166475842787
1847166475843801
1847166475844808
1847166475845799
1847166475846658
1847166475847628
1847166477536863
1847166477910277
1847166477911314
1847166478668444
1847166478669580
1847166478670487
1847166478671286
1847166478672093
1847166478673190
1847166478674072
1847166478675034
1847166478675760
1847166478676624
1847166478677486
1847257047978054
1847257047981210
1847257048020020
1847257048020858
1847257048352040
1847257048352644
1847257048353478
1847257048453907
1847257048454634
1847257048455213
1847257048455810
1847257048480800
1847257048936629
1847257048937341
1847257048937969
1847257048938644
1847257048939201
1847257048939798
1847257048952585
1847257048953270
1847257048954100
1847257048954910
1847257048955563
1847257048956153
1847257050796589
1847257050797456
1847257051320550
1847257051480082
1847257051480938
1847257051481468
1847257051482100
1847257051482612
1847257051483214
1847257051486308
1847257051486991
1847257051487568
1847257051488164
1847257051488769
1847257051489356
1847257051489941
1847257051490582
1847257051491652
1847257051492264
1847257051633596
1847257051634477
1847257051709536
1847257051710310
1847257051710940
1847257051874940
1847257051875765
1847257051876514
1847257052142569
1847257052143305
1847257052555316
1847257052632394
1847257052632985
1847257052871199
1847257052871960
1847257052872628
1847257052873346
1847257053009540
1847257053059891
1847257053060552
1847257053378471
1847257053379194
1847257054119755
1847257054120648
1847257054121400
1847257054122170
1847257054122981
1847257054123711
1847257054274106
1847257054443738
1847257054536802
1847257054537638
1847257061076781
1847257061077844
1847257061078530
1847257061079285
1847257061510078
1847257061510852
1847257061511400
1847257061512021
1847257061512681
1847257061513482
1847257062332475
1847257065148976
1847257065149866
1847257065150726
1847257067536190
1847257067536923
1847257067537580
1847257068810158
1847257069544084
1847257069544761
1847257069545362
1847257069545892
1847257069546441
1847257069546972
1847257069547571
1847257069548050
1847257069548502
1847257069548989
1847257069549545
1847257069550002
1847257069550522
1847257069551085
1847257069552136
1847257069552565
1847257069553016
1847257069553586
1847257069555935
1847257069556525
1847257069557059
1847257069557555
1847257069558088
1847257069558726
1847257069559345
1847257069559932
1847257069560391
1847257069560876
1847257069561458
1847257069562015
1847257069562551
1847257069563135
1847257069563782
1847257069564490
1847257069565151
1847257069565721
1847257069566453
1847257069567030
1847257069567726
1847257069568214
1847257069568782
1847257069569270
1847257069569719
1847257069570203
1847257069570769
1847257069571275
1847257069571791
1847257069572246
1847257069572781
1847257069573305
1847257069573866
1847257069574432
1847257069575035
1847257069575592
1847257069576082
1847257069576558
1847257069577019
1847257069577473
1847257069578061
1847257069578471
1847257069578919
1847257069579347
1847257069579823
1847257069580279
1847257069580803
1847257069581316
1847257069581780
1847257069582261
1847257069582750
1847257069583219
1847257069583667
1847257069584178
1847257069584712
1847257069585212
1847257069585763
1847257069586418
1847257069586958
1847257069587468
1847257069587998
1847257069588535
1847257069589127
1847257069589770
1847257069590468
1847257069591108
1847257069591692
1847257069592190
1847257069592763
1847257069593351
1847257069593947
1847257069594528
1847257069595032
1847257069595551
1847257069596035
1847257069596620
1847257069597158
1847257069597681
1847257069598175
1847257069598840
1847257069599486
1847257069600043
1847257069600645
1847257069601238
1847257069601823
1847257069602463
1847257069603027
1847257069603554
1847257069604164
1847257069604703
1847257069605245
1847257069605874
1847257069606443
1847257069606928
1847257069607507
1847257069608055
1847257069608615
1847257069609184
1847257069609698
1847257069610250
1847257069610908
1847257069611576
1847257069612153
1847257069612686
1847257069613240
1847257069613746
1847257069614364
1847257069615027
1847257069615747
1847257069616423
1847257069617115
1847257069617799
1847257069618505
1847257069619237
1847257069619832
1847257069620415
1847257069621182
1847257069621914
1847257069622777
1847257069623476
1847257069800413
1847257069801080
1847257070192358
1847257073949539
1847257073950409
1847257074622604
1847257074623233
1847257074623876
1847257074624614
1847257074625303
1847257074626025
1847257074626649
1847257074627262
1847257074627856
1847257074628467
1847257074629121
1847257074629784
1847257074630359
1847257074631132
1847257074631831
1847257074632578
1847257074633424
1847257074634262
1847257074635023
1847257074635742
1847257074636582
1847257074637382
1847257074638035
1847257074638752
1847257074639547
1847257074640325
1847257074641051
1847257074641855
1847257074642454
1847257074643102
1847257074643752
1847257074644503
1847257074645218
1847257074645970
1847257074646684
1847257074647353
1847257074648174
1847257074648969
1847257074649690
1847257074650419
1847257074651090
1847257074651842
1847257074652588
1847257074653372
1847257074654147
1847257074654793
1847257074655590
1847257074656295
1847257075698207
1847257075698922
1847257075699537
1847257075728328
1847257075728994
1847257075729642
1847257075730355
1847257075756862
1847257075757576
1847347644067170
1847347644070701
1847347644071386
1847347644071963
1847347644072667
1847347644073273
1847347644238045
1847347644278949
1847347644279672
1847347644369389
1847347644370467
1847347644371028
1847347644371762
1847347644372383
1847347644372870
1847347644373552
1847347644374112
1847347644376288
1847347644376895
1847347644377557
1847347644378200
1847347644378803
1847347644379252
1847347644379739
1847347644380274
1847347644380923
1847347644394281
1847347644408247
1847347644408924
1847347644846258
1847347644847144
1847347644847789
1847347644848506
1847347644849121
1847347644849690
1847347644850287
1847347645243156
1847347645887238
1847347647449541
1847347648856403
1847347649427169
1847347649427874
1847347649803723
1847347649804495
1847347649805142
1847347649805672
1847347649806086
1847347649806596
1847347649807145
1847347649807694
1847347649873049
1847347649873880
1847347650006534
1847347650007222
1847347650671835
1847347650897684
1847347650898405
1847347650899076
1847347650899753
1847347650900323
1847347650900810
1847347650962583
1847347650963229
1847347651818240
1847347651818870
1847347651819346
1847347651820038
1847347651820677
1847347652375949
1847347652750914
1847347653396941
1847347654897542
1847347654898341
1847347654899057
1847347654976213
1847347654977037
1847347654977775
1847347654978528
1847347654979324
1847347654980048
1847347654980829
1847347654981550
1847347655537462
1847347655759545
1847347655760383
1847347655760946
1847347655761628
1847347655762187
1847347655762775
1847347655763328
1847347655763920
1847347655764526
1847347655765153
1847347655765796
1847347655766386
1847347655766996
1847347655767726
1847347655768460
1847347655769274
1847347655769998
1847347655770796
1847347655771609
1847347655772413
1847347655773157
1847347655774018
1847347655774808
1847347656260445
1847347656261269
1847347656261976
1847347656262616
1847347656263316
1847347656263987
1847347657976620
1847347657977673
1847347658902197
1847347658903211
1847347660659003
1847347660935626
1847347665299212
1847347665300137
1847347665300920
1847347665301656
1847347665302466
1847347668858655
1847347669636426
1847347672527430
1847347672550966
1847347672590615
1847347672591356
1847347672591955
1847347672592666
1847347672604841
1847347672605606
1847347672606281
1847347672606826
1847347672607368
1847347672608010
1847438242172718
1847438242532697
1847438242533880
1847438242534633
1847438242535475
1847438242536198
1847438242536982
1847438242537673
1847438242538355
1847438242539098
1847438243441153
1847438243557286
1847438243859316
1847438244200647
1847438244201313
1847438244874563
1847438245255559
1847438246132123
1847438246168083
1847438246192572
1847438246193399
1847438246194109
1847438246316194
1847438246610792
1847438246611632
1847438246612311
1847438246612945
1847438246613711
1847438246614331
1847438246675534
1847438246676381
1847438246677127
1847438246677780
1847438246913730
1847438246914516
1847438246915784
1847438246916612
1847438247307100
1847438247307664
1847438247308564
1847438247412864
1847438247909865
1847438247910707
1847438248209221
1847438248209968
1847438248210613
1847438248211345
1847438248212048
1847438248212669
1847438248213360
1847438248214064
1847438248512739
1847438248825899
1847438248856667
1847438250206726
1847438250207443
1847438250208081
1847438250208720
1847438250209269
1847438250209854
1847438250210507
1847438250210987
1847438250211652
1847438250212279
1847438250213005
1847438250213573
1847438250214097
1847438250214912
1847438250215628
1847438250239773
1847438250240735
1847438250241751
1847438251238617
1847438251239310
1847438251239944
1847438251240516
1847438254895862
1847438254896633
1847438254897264
1847438257512308
1847438262154784
1847438262155448
1847438262156124
1847438262156742
1847438262157360
1847438262158084
1847438262158803
1847438262159398
1847438262159852
1847438262160359
1847438262160899
1847438262161539
1847438264116472
1847438264117267
1847438264157361
1847438264210738
1847438264211623
1847438264212308
1847438264212893
1847438264213622
1847438264214359
1847438264214975
1847438264215724
1847438264216388
1847438264216971
1847438264217658
1847438264218407
1847438264219051
1847438264219848
1847438264220543
1847438264221129
1847438264221993
1847438264306001
1847438264941948
1847438264942588
1847438264943200
1847438266745762
1847438266746651
1847438266747350
1847438266747896
1847438267153765
1847438268732878
1847438268970845
1847438268971895
1847438269559684
1847438270271950
1847438270301190
1847438270315653
1847438270316603
1847438270317579
1847438270318467
1847438270319287
1847438270320166
1847438270361254
1847438270378888
1847438270379804
1847438270380526
1847438270429806
1847438270430492
1847438270447035
1847438270447933
1847438270448692
1847438270449451
1847438270450168
1847438270450910
1847438270451657
1847438270452451
1847438270453151
1847528838093178
1847528838248491
1847528838249137
1847528838423858
1847528838424873
1847528838589490
1847528838677933
1847528838678994
1847528838679991
1847528838783367
1847528838797150
1847528838798120
1847528839072589
1847528839073880
1847528839368663
1847528839877519
1847528839878398
1847528839879159
1847528839879964
1847528839880659
1847528839881487
1847528840193362
1847528840194205
1847528840289258
1847528840722716
1847528840723540
1847528840724235
1847528841403922
1847528841404642
1847528841405256
1847528842093161
1847528842183356
1847528842231408
1847528842269380
1847528842270226
1847528842270831
1847528842271408
1847528842359381
1847528842359978
1847528842403316
1847528842403905
1847528842474750
1847528842475456
1847528842476221
1847528842476772
1847528842477342
1847528842478052
1847528843089297
1847528843090264
1847528843091035
1847528843138145
1847528843138798
1847528843180235
1847528843180972
1847528843181653
1847528843498231
1847528843728776
1847528843729419
1847528843729964
1847528843769206
1847528844128959
1847528844473647
1847528844922152
1847528845289943
1847528845290678
1847528845291304
1847528845291938
1847528845292568
1847528847117301
1847528847118131
1847528847119053
1847528847119774
1847528847120576
1847528847121358
1847528847122271
1847528847123009
1847528847123689
1847528848757893
1847528850428561
1847528850429426
1847528850430152
1847528850430854
1847528850431668
1847528850432494
1847528850778408
1847528850902547
1847528852038287
1847528852039148
1847528856990928
1847528856991631
1847528857598657
1847528857599548
1847528857600354
1847528857601057
1847528857601700
1847528857743793
1847528858924380
1847528860349074
1847528860349981
1847528860350774
1847528860351696
1847528860352486
1847528860353360
1847528860354148
1847528860354972
1847528860355737
1847528860356501
1847528860357329
1847528860358153
1847528860358977
1847528860359745
1847528860360498
1847528860361304
1847528860361912
1847528860362725
1847528860363386
1847528860364029
1847528860364671
1847528860365281
1847528860365837
1847528860366475
1847528860729982
1847528860938319
1847528863412063
1847528863412835
1847528863413376
1847528863414208
1847528863414832
1847528863415479
1847528863416015
1847528863418040
1847528863418644
1847528866628590
